DMAZ,OMAZ,DISTBIKE
425,0,0.940
422,0,0.916
0,0,0.124
390,0,0.841
4,1,0.888
106,1,0.546
107,1,0.681
5,1,0.875
3,1,0.397
6,1,0.713
8,1,0.652
14,1,0.966
2,1,0.232
105,1,0.769
1,1,0.124
10,1,0.787
7,1,0.336
9,1,0.542
428,1,0.892
426,1,0.378
429,1,0.475
430,1,0.666
423,1,0.677
425,1,0.690
418,1,0.796
427,1,0.381
417,1,0.863
424,1,0.979
422,1,0.960
4,2,0.656
35,2,0.955
106,2,0.518
107,2,0.561
5,2,0.667
3,2,0.201
6,2,0.482
8,2,0.493
15,2,0.927
14,2,0.810
11,2,0.915
2,2,0.124
105,2,0.840
1,2,0.232
10,2,0.722
12,2,0.963
7,2,0.351
9,2,0.522
428,2,0.917
426,2,0.606
429,2,0.621
430,2,0.743
423,2,0.898
425,2,0.883
418,2,0.910
427,2,0.592
98,3,0.956
99,3,0.986
31,3,0.973
4,3,0.543
35,3,0.836
104,3,0.885
106,3,0.415
107,3,0.382
5,3,0.653
3,3,0.124
6,3,0.393
8,3,0.571
15,3,0.945
14,3,0.869
2,3,0.201
105,3,0.789
1,3,0.397
10,3,0.864
7,3,0.544
9,3,0.695
426,3,0.740
429,3,0.822
430,3,0.938
425,3,0.951
427,3,0.776
28,4,0.992
32,4,0.724
97,4,0.921
98,4,0.656
99,4,0.543
100,4,0.873
36,4,0.578
37,4,0.869
101,4,0.767
34,4,0.674
31,4,0.446
26,4,0.935
25,4,0.828
4,4,0.124
35,4,0.299
104,4,0.973
106,4,0.884
107,4,0.702
5,4,0.335
3,4,0.543
6,4,0.179
8,4,0.545
19,4,0.922
15,4,0.609
18,4,0.960
14,4,0.661
11,4,0.907
2,4,0.656
1,4,0.888
10,4,0.900
7,4,0.852
9,4,0.883
27,5,0.896
28,5,0.937
32,5,0.786
98,5,0.979
99,5,0.818
36,5,0.748
34,5,0.620
31,5,0.437
26,5,0.765
25,5,0.628
4,5,0.335
35,5,0.488
107,5,0.938
5,5,0.124
3,5,0.653
16,5,0.822
17,5,0.705
6,5,0.307
8,5,0.304
19,5,0.663
15,5,0.305
18,5,0.665
14,5,0.327
11,5,0.577
434,5,0.944
2,5,0.667
1,5,0.875
10,5,0.611
12,5,0.786
7,5,0.713
9,5,0.669
13,5,0.914
428,5,0.963
430,5,0.977
32,6,0.887
98,6,0.789
99,6,0.712
36,6,0.756
101,6,0.940
34,6,0.805
31,6,0.581
25,6,0.902
4,6,0.179
35,6,0.474
106,6,0.773
107,6,0.633
5,6,0.307
3,6,0.393
6,6,0.124
8,6,0.413
19,6,0.963
15,6,0.612
18,6,0.973
14,6,0.606
11,6,0.826
2,6,0.482
1,6,0.713
10,6,0.773
12,6,0.992
7,6,0.677
9,6,0.724
4,7,0.852
106,7,0.842
107,7,0.912
5,7,0.713
3,7,0.544
6,7,0.677
8,7,0.425
15,7,0.879
14,7,0.702
11,7,0.704
2,7,0.351
1,7,0.336
10,7,0.457
12,7,0.676
7,7,0.124
9,7,0.207
13,7,0.787
428,7,0.574
426,7,0.617
429,7,0.336
430,7,0.394
415,7,0.931
423,7,0.732
425,7,0.985
418,7,0.573
427,7,0.436
416,7,0.815
417,7,0.699
424,7,0.943
420,7,0.992
421,7,0.869
34,8,0.911
31,8,0.741
25,8,0.849
4,8,0.545
35,8,0.773
106,8,0.979
107,8,0.933
5,8,0.304
3,8,0.571
16,8,0.788
17,8,0.744
6,8,0.413
8,8,0.124
19,8,0.822
15,8,0.463
18,8,0.768
14,8,0.319
11,8,0.452
434,8,0.858
2,8,0.493
1,8,0.652
433,8,0.946
10,8,0.360
12,8,0.583
7,8,0.425
9,8,0.365
13,8,0.717
432,8,0.943
428,8,0.690
429,8,0.739
430,8,0.675
418,8,0.876
427,8,0.860
416,8,0.918
4,9,0.883
5,9,0.669
3,9,0.695
16,9,0.867
17,9,0.907
6,9,0.724
8,9,0.365
15,9,0.764
18,9,0.985
14,9,0.567
11,9,0.517
434,9,0.862
2,9,0.522
1,9,0.542
433,9,0.890
10,9,0.257
12,9,0.470
7,9,0.207
9,9,0.124
13,9,0.582
432,9,0.847
431,9,0.908
428,9,0.401
426,9,0.804
429,9,0.405
430,9,0.312
413,9,0.965
415,9,0.783
423,9,0.844
418,9,0.514
427,9,0.582
416,9,0.646
417,9,0.677
424,9,0.990
419,9,0.958
414,9,0.974
421,9,0.836
25,10,0.967
4,10,0.900
5,10,0.611
3,10,0.864
16,10,0.610
17,10,0.663
6,10,0.773
8,10,0.360
19,10,0.866
15,10,0.601
18,10,0.756
14,10,0.393
11,10,0.267
434,10,0.609
2,10,0.722
1,10,0.787
433,10,0.652
436,10,0.939
10,10,0.124
12,10,0.243
7,10,0.457
9,10,0.257
13,10,0.374
432,10,0.625
431,10,0.701
428,10,0.353
429,10,0.631
430,10,0.447
413,10,0.786
415,10,0.734
418,10,0.628
427,10,0.831
416,10,0.564
417,10,0.811
412,10,0.921
414,10,0.947
421,10,0.945
22,11,0.885
21,11,0.853
20,11,0.981
435,11,0.920
34,11,0.969
31,11,0.894
26,11,0.891
25,11,0.750
4,11,0.907
5,11,0.577
16,11,0.358
17,11,0.397
23,11,0.794
6,11,0.826
24,11,0.955
8,11,0.452
19,11,0.622
15,11,0.436
18,11,0.500
14,11,0.261
11,11,0.124
434,11,0.406
2,11,0.915
433,11,0.501
436,11,0.749
10,11,0.267
12,11,0.251
7,11,0.704
9,11,0.517
13,11,0.355
432,11,0.516
431,11,0.618
428,11,0.534
429,11,0.897
430,11,0.700
413,11,0.743
415,11,0.852
418,11,0.863
416,11,0.674
412,11,0.911
22,12,0.974
21,12,0.897
20,12,0.968
435,12,0.837
408,12,0.971
5,12,0.786
16,12,0.467
17,12,0.588
23,12,0.935
6,12,0.992
8,12,0.583
19,12,0.853
15,12,0.685
18,12,0.718
14,12,0.497
11,12,0.251
434,12,0.410
2,12,0.963
433,12,0.420
436,12,0.716
10,12,0.243
12,12,0.124
7,12,0.676
9,12,0.470
13,12,0.135
432,12,0.383
431,12,0.459
428,12,0.311
429,12,0.774
430,12,0.535
413,12,0.551
415,12,0.602
418,12,0.664
416,12,0.423
411,12,0.841
417,12,0.844
412,12,0.699
410,12,0.952
419,12,0.989
414,12,0.819
421,12,0.945
22,13,0.936
21,13,0.838
20,13,0.880
435,13,0.724
409,13,0.885
408,13,0.838
5,13,0.914
16,13,0.469
17,13,0.626
23,13,0.927
8,13,0.717
19,13,0.913
15,13,0.789
18,13,0.770
14,13,0.613
11,13,0.355
434,13,0.363
433,13,0.326
436,13,0.627
10,13,0.374
12,13,0.135
7,13,0.787
9,13,0.582
13,13,0.124
432,13,0.267
431,13,0.329
428,13,0.327
429,13,0.844
430,13,0.588
413,13,0.416
415,13,0.523
418,13,0.681
416,13,0.351
411,13,0.713
417,13,0.853
412,13,0.567
410,13,0.827
419,13,0.951
414,13,0.736
421,13,0.932
22,14,0.984
27,14,0.878
32,14,0.972
34,14,0.742
443,14,0.984
31,14,0.641
26,14,0.735
25,14,0.585
4,14,0.661
35,14,0.780
5,14,0.327
3,14,0.869
16,14,0.508
17,14,0.431
23,14,0.840
6,14,0.606
24,14,0.968
8,14,0.319
19,14,0.519
15,14,0.208
18,14,0.451
14,14,0.124
11,14,0.261
434,14,0.618
2,14,0.810
1,14,0.966
433,14,0.740
436,14,0.952
10,14,0.393
12,14,0.497
7,14,0.702
9,14,0.567
13,14,0.613
432,14,0.769
431,14,0.875
428,14,0.735
429,14,0.972
430,14,0.831
416,14,0.911
22,15,0.954
30,15,0.898
27,15,0.682
28,15,0.800
32,15,0.777
36,15,0.839
34,15,0.538
443,15,0.836
31,15,0.465
26,15,0.540
25,15,0.390
4,15,0.609
35,15,0.648
5,15,0.305
3,15,0.945
16,15,0.564
17,15,0.415
23,15,0.776
6,15,0.612
24,15,0.872
8,15,0.463
19,15,0.370
15,15,0.124
18,15,0.360
14,15,0.208
11,15,0.436
434,15,0.712
2,15,0.927
433,15,0.855
10,15,0.601
12,15,0.685
7,15,0.879
9,15,0.764
13,15,0.789
432,15,0.904
428,15,0.940
442,16,0.812
22,16,0.529
441,16,0.884
21,16,0.499
20,16,0.652
435,16,0.662
409,16,0.907
408,16,0.954
27,16,0.911
443,16,0.803
26,16,0.795
25,16,0.690
5,16,0.822
16,16,0.124
17,16,0.201
23,16,0.467
24,16,0.644
8,16,0.788
19,16,0.504
15,16,0.564
18,16,0.355
14,16,0.508
11,16,0.358
434,16,0.176
433,16,0.334
436,16,0.455
10,16,0.610
12,16,0.467
9,16,0.867
13,16,0.469
432,16,0.418
431,16,0.524
428,16,0.774
413,16,0.676
415,16,0.976
416,16,0.814
412,16,0.860
444,17,0.989
442,17,0.817
22,17,0.555
441,17,0.957
21,17,0.588
20,17,0.782
435,17,0.839
30,17,0.897
27,17,0.717
28,17,0.943
34,17,0.798
443,17,0.657
31,17,0.822
26,17,0.597
25,17,0.489
5,17,0.705
16,17,0.201
17,17,0.124
23,17,0.415
24,17,0.562
8,17,0.744
19,17,0.305
15,17,0.415
18,17,0.155
14,17,0.431
11,17,0.397
434,17,0.377
433,17,0.535
436,17,0.623
10,17,0.663
12,17,0.588
9,17,0.907
13,17,0.626
432,17,0.616
431,17,0.724
428,17,0.898
413,17,0.875
416,17,0.977
444,18,0.901
442,18,0.833
22,18,0.602
21,18,0.673
20,18,0.886
435,18,0.974
29,18,0.946
30,18,0.751
27,18,0.564
28,18,0.787
32,18,0.921
34,18,0.655
443,18,0.550
31,18,0.704
26,18,0.442
25,18,0.337
4,18,0.960
35,18,0.941
5,18,0.665
16,18,0.355
17,18,0.155
23,18,0.416
6,18,0.973
24,18,0.521
8,18,0.768
19,18,0.150
15,18,0.360
18,18,0.124
14,18,0.451
11,18,0.500
434,18,0.532
433,18,0.690
436,18,0.755
10,18,0.756
12,18,0.718
9,18,0.985
13,18,0.770
432,18,0.772
431,18,0.879
444,19,0.833
442,19,0.872
22,19,0.675
21,19,0.774
29,19,0.800
30,19,0.613
27,19,0.418
28,19,0.638
32,19,0.789
33,19,0.965
36,19,0.952
41,19,0.977
34,19,0.526
443,19,0.469
31,19,0.608
26,19,0.292
25,19,0.195
4,19,0.922
35,19,0.860
5,19,0.663
16,19,0.504
17,19,0.305
23,19,0.466
6,19,0.963
24,19,0.520
8,19,0.822
19,19,0.124
15,19,0.370
18,19,0.150
14,19,0.519
11,19,0.622
434,19,0.680
433,19,0.838
436,19,0.887
10,19,0.866
12,19,0.853
13,19,0.913
432,19,0.921
442,20,0.516
438,20,0.738
440,20,0.557
22,20,0.393
441,20,0.335
21,20,0.232
437,20,0.641
20,20,0.124
435,20,0.280
409,20,0.472
407,20,0.844
408,20,0.626
16,20,0.652
17,20,0.782
23,20,0.593
24,20,0.710
18,20,0.886
11,20,0.981
434,20,0.580
433,20,0.554
436,20,0.254
12,20,0.968
13,20,0.880
432,20,0.628
431,20,0.633
413,20,0.712
411,20,0.956
412,20,0.826
444,21,0.916
439,21,0.918
442,21,0.395
438,21,0.739
440,21,0.538
22,21,0.176
441,21,0.385
21,21,0.124
437,21,0.750
20,21,0.232
435,21,0.444
409,21,0.678
408,21,0.811
443,21,0.771
25,21,0.961
16,21,0.499
17,21,0.588
23,21,0.362
24,21,0.491
19,21,0.774
18,21,0.673
11,21,0.853
434,21,0.488
433,21,0.528
436,21,0.285
12,21,0.897
13,21,0.838
432,21,0.625
431,21,0.669
413,21,0.785
412,21,0.933
444,22,0.742
439,22,0.792
442,22,0.284
438,22,0.691
440,22,0.491
22,22,0.124
441,22,0.418
21,22,0.176
437,22,0.783
20,22,0.393
435,22,0.620
409,22,0.852
408,22,0.987
30,22,0.987
27,22,0.912
443,22,0.602
26,22,0.866
25,22,0.849
16,22,0.529
17,22,0.555
23,22,0.219
24,22,0.318
19,22,0.675
15,22,0.954
18,22,0.602
14,22,0.984
11,22,0.885
434,22,0.573
433,22,0.651
436,22,0.450
12,22,0.974
13,22,0.936
432,22,0.754
431,22,0.813
413,22,0.940
444,23,0.651
439,23,0.846
442,23,0.417
438,23,0.846
440,23,0.659
22,23,0.219
441,23,0.629
21,23,0.362
437,23,0.985
20,23,0.593
435,23,0.783
30,23,0.791
27,23,0.699
28,23,0.970
34,23,0.964
443,23,0.423
26,23,0.647
25,23,0.633
16,23,0.467
17,23,0.415
23,23,0.124
24,23,0.183
19,23,0.466
15,23,0.776
18,23,0.416
14,23,0.840
11,23,0.794
434,23,0.576
433,23,0.696
436,23,0.581
12,23,0.935
13,23,0.927
432,23,0.800
431,23,0.882
444,24,0.468
439,24,0.705
442,24,0.377
438,24,0.784
440,24,0.622
22,24,0.318
441,24,0.660
21,24,0.491
437,24,0.984
20,24,0.710
435,24,0.931
29,24,0.914
30,24,0.677
27,24,0.631
28,24,0.901
44,24,0.899
34,24,0.956
443,24,0.288
26,24,0.618
25,24,0.646
16,24,0.644
17,24,0.562
23,24,0.183
24,24,0.124
19,24,0.520
15,24,0.872
18,24,0.521
14,24,0.968
11,24,0.955
434,24,0.759
433,24,0.878
436,24,0.743
432,24,0.983
444,25,0.861
22,25,0.849
21,25,0.961
29,25,0.656
30,25,0.508
27,25,0.293
28,25,0.461
32,25,0.596
33,25,0.774
36,25,0.772
41,25,0.830
37,25,0.878
44,25,0.932
34,25,0.336
443,25,0.505
31,25,0.453
26,25,0.150
25,25,0.124
4,25,0.828
35,25,0.713
5,25,0.628
16,25,0.690
17,25,0.489
23,25,0.633
6,25,0.902
24,25,0.646
8,25,0.849
19,25,0.195
15,25,0.390
18,25,0.337
14,25,0.585
11,25,0.750
434,25,0.866
10,25,0.967
444,26,0.752
22,26,0.866
29,26,0.514
30,26,0.358
27,26,0.142
28,26,0.350
32,26,0.571
33,26,0.693
38,26,0.958
36,26,0.785
41,26,0.690
42,26,0.874
37,26,0.840
44,26,0.783
45,26,0.938
34,26,0.343
443,26,0.418
31,26,0.522
26,26,0.124
25,26,0.150
4,26,0.935
35,26,0.780
5,26,0.765
16,26,0.795
17,26,0.597
23,26,0.647
24,26,0.618
19,26,0.292
15,26,0.540
18,26,0.442
14,26,0.735
11,26,0.891
434,26,0.971
444,27,0.671
22,27,0.912
29,27,0.382
30,27,0.217
27,27,0.124
28,27,0.272
32,27,0.576
33,27,0.632
38,27,0.871
36,27,0.816
41,27,0.560
42,27,0.742
37,27,0.820
44,27,0.643
45,27,0.796
46,27,0.910
34,27,0.399
443,27,0.381
31,27,0.609
26,27,0.142
25,27,0.293
35,27,0.856
5,27,0.896
16,27,0.911
17,27,0.717
23,27,0.699
24,27,0.631
19,27,0.418
15,27,0.682
18,27,0.564
14,27,0.878
444,28,0.868
39,28,0.964
40,28,0.981
78,28,0.893
43,28,0.885
29,28,0.264
30,28,0.311
27,28,0.272
28,28,0.124
32,28,0.367
33,28,0.360
97,28,0.852
38,28,0.609
79,28,0.825
99,28,0.912
36,28,0.626
41,28,0.405
42,28,0.586
37,28,0.567
44,28,0.658
45,28,0.767
101,28,0.894
46,28,0.858
34,28,0.324
443,28,0.637
31,28,0.548
26,28,0.350
25,28,0.461
4,28,0.992
35,28,0.747
5,28,0.937
17,28,0.943
23,28,0.970
24,28,0.901
19,28,0.638
15,28,0.800
18,28,0.787
49,29,0.862
444,29,0.744
39,29,0.810
40,29,0.873
48,29,0.873
78,29,0.929
43,29,0.689
47,29,0.743
29,29,0.124
30,29,0.237
27,29,0.382
28,29,0.264
32,29,0.595
33,29,0.452
38,29,0.575
79,29,0.925
36,29,0.852
41,29,0.178
42,29,0.360
37,29,0.721
44,29,0.412
45,29,0.505
46,29,0.595
34,29,0.587
443,29,0.627
31,29,0.812
26,29,0.514
25,29,0.656
24,29,0.914
19,29,0.800
18,29,0.946
49,30,0.826
444,30,0.559
22,30,0.987
43,30,0.906
47,30,0.864
29,30,0.237
30,30,0.124
27,30,0.217
28,30,0.311
32,30,0.676
33,30,0.630
38,30,0.803
36,30,0.933
41,30,0.402
42,30,0.570
37,30,0.870
44,30,0.427
45,30,0.580
46,30,0.696
34,30,0.567
443,30,0.391
31,30,0.792
26,30,0.358
25,30,0.508
17,30,0.897
23,30,0.791
24,30,0.677
19,30,0.613
15,30,0.898
18,30,0.751
29,31,0.812
30,31,0.792
27,31,0.609
28,31,0.548
32,31,0.349
33,31,0.647
97,31,0.776
38,31,0.947
98,31,0.825
79,31,0.871
99,31,0.572
100,31,0.875
36,31,0.376
41,31,0.940
37,31,0.595
101,31,0.697
34,31,0.228
443,31,0.938
31,31,0.124
26,31,0.522
25,31,0.453
4,31,0.446
35,31,0.261
5,31,0.437
3,31,0.973
17,31,0.822
6,31,0.581
8,31,0.741
19,31,0.608
15,31,0.465
18,31,0.704
14,31,0.641
11,31,0.894
78,32,0.725
81,32,0.922
29,32,0.595
30,32,0.676
27,32,0.576
28,32,0.367
32,32,0.124
33,32,0.304
97,32,0.539
38,32,0.599
98,32,0.829
453,32,0.992
79,32,0.576
99,32,0.546
100,32,0.737
36,32,0.260
41,32,0.675
42,32,0.822
37,32,0.284
101,32,0.541
96,32,0.815
34,32,0.266
443,32,0.956
31,32,0.349
26,32,0.571
25,32,0.596
4,32,0.724
35,32,0.437
5,32,0.786
6,32,0.887
19,32,0.789
15,32,0.777
18,32,0.921
14,32,0.972
85,33,0.959
80,33,0.820
77,33,0.769
39,33,0.748
83,33,0.954
40,33,0.707
78,33,0.534
43,33,0.745
81,33,0.759
93,33,0.980
29,33,0.452
30,33,0.630
27,33,0.632
28,33,0.360
32,33,0.304
33,33,0.124
97,33,0.549
38,33,0.304
79,33,0.480
99,33,0.745
100,33,0.820
36,33,0.492
41,33,0.454
42,33,0.561
37,33,0.279
44,33,0.841
45,33,0.883
101,33,0.644
46,33,0.933
96,33,0.780
34,33,0.501
443,33,0.991
31,33,0.647
26,33,0.693
25,33,0.774
35,33,0.730
19,33,0.965
78,34,0.983
29,34,0.587
30,34,0.567
27,34,0.399
28,34,0.324
32,34,0.266
33,34,0.501
97,34,0.795
38,34,0.804
98,34,0.982
79,34,0.841
99,34,0.706
100,34,0.961
36,34,0.444
41,34,0.724
42,34,0.900
37,34,0.550
44,34,0.967
101,34,0.768
34,34,0.124
443,34,0.756
31,34,0.228
26,34,0.343
25,34,0.336
4,34,0.674
35,34,0.459
5,34,0.620
17,34,0.798
23,34,0.964
6,34,0.805
24,34,0.956
8,34,0.911
19,34,0.526
15,34,0.538
18,34,0.655
14,34,0.742
11,34,0.969
27,35,0.856
28,35,0.747
32,35,0.437
33,35,0.730
97,35,0.656
98,35,0.573
453,35,0.926
79,35,0.797
99,35,0.347
100,35,0.677
36,35,0.283
37,35,0.572
101,35,0.528
96,35,0.903
34,35,0.459
31,35,0.261
26,35,0.780
25,35,0.713
4,35,0.299
35,35,0.124
107,35,0.933
5,35,0.488
3,35,0.836
6,35,0.474
8,35,0.773
19,35,0.860
15,35,0.648
18,35,0.941
14,35,0.780
2,35,0.955
78,36,0.728
81,36,0.879
93,36,0.867
29,36,0.852
30,36,0.933
27,36,0.816
28,36,0.626
32,36,0.260
33,36,0.492
97,36,0.402
38,36,0.736
98,36,0.570
453,36,0.779
451,36,0.991
79,36,0.521
99,36,0.286
100,36,0.518
36,36,0.124
41,36,0.917
37,36,0.292
101,36,0.329
96,36,0.672
34,36,0.444
31,36,0.376
26,36,0.785
25,36,0.772
4,36,0.578
35,36,0.283
5,36,0.748
6,36,0.756
19,36,0.952
15,36,0.839
85,37,0.948
84,37,0.951
80,37,0.789
77,37,0.811
39,37,0.916
83,37,0.847
82,37,0.939
40,37,0.822
95,37,0.884
78,37,0.458
43,37,0.961
94,37,0.932
81,37,0.641
93,37,0.753
29,37,0.721
30,37,0.870
27,37,0.820
28,37,0.567
32,37,0.284
33,37,0.279
97,37,0.285
38,37,0.456
98,37,0.740
453,37,0.773
79,37,0.291
99,37,0.489
100,37,0.543
36,37,0.292
41,37,0.733
42,37,0.828
37,37,0.124
101,37,0.365
96,37,0.547
34,37,0.550
31,37,0.595
26,37,0.840
25,37,0.878
4,37,0.869
35,37,0.572
67,38,0.948
66,38,0.865
63,38,0.939
86,38,0.820
85,38,0.690
84,38,0.806
80,38,0.573
77,38,0.480
39,38,0.464
83,38,0.761
82,38,0.903
40,38,0.403
95,38,0.919
48,38,0.933
78,38,0.377
43,38,0.513
47,38,0.907
81,38,0.597
93,38,0.931
29,38,0.575
30,38,0.803
27,38,0.871
28,38,0.609
32,38,0.599
33,38,0.304
97,38,0.622
38,38,0.124
79,38,0.467
99,38,0.940
100,38,0.910
36,38,0.736
41,38,0.474
42,38,0.471
37,38,0.456
44,38,0.866
45,38,0.846
101,38,0.776
46,38,0.854
96,38,0.762
34,38,0.804
31,38,0.947
26,38,0.958
60,39,0.989
67,39,0.578
66,39,0.423
65,39,0.577
64,39,0.556
63,39,0.477
62,39,0.932
70,39,0.941
88,39,0.945
86,39,0.725
85,39,0.611
84,39,0.829
74,39,0.943
75,39,0.950
73,39,0.956
76,39,0.896
68,39,0.954
59,39,0.745
58,39,0.718
80,39,0.605
77,39,0.399
39,39,0.124
83,39,0.862
40,39,0.187
48,39,0.621
78,39,0.666
43,39,0.204
47,39,0.682
81,39,0.796
29,39,0.810
28,39,0.964
33,39,0.748
38,39,0.464
79,39,0.855
41,39,0.638
42,39,0.490
37,39,0.916
44,39,0.894
45,39,0.785
46,39,0.723
67,40,0.547
66,40,0.477
65,40,0.667
64,40,0.719
63,40,0.613
88,40,0.779
87,40,0.965
86,40,0.560
85,40,0.438
84,40,0.646
74,40,0.903
75,40,0.884
73,40,0.837
76,40,0.839
68,40,0.985
59,40,0.913
58,40,0.900
80,40,0.418
77,40,0.214
39,40,0.187
83,40,0.675
82,40,0.828
40,40,0.124
95,40,0.905
48,40,0.808
78,40,0.505
43,40,0.379
47,40,0.862
81,40,0.613
29,40,0.873
28,40,0.981
33,40,0.707
97,40,0.900
38,40,0.403
79,40,0.712
41,40,0.717
42,40,0.602
37,40,0.822
45,40,0.937
46,40,0.889
96,40,0.929
49,41,0.842
444,41,0.843
64,41,0.961
63,41,0.985
58,41,0.945
77,41,0.883
39,41,0.638
40,41,0.717
48,41,0.724
78,41,0.848
43,41,0.511
47,41,0.613
29,41,0.178
30,41,0.402
27,41,0.560
28,41,0.405
32,41,0.675
33,41,0.454
97,41,0.992
38,41,0.474
79,41,0.887
36,41,0.917
41,41,0.124
42,41,0.185
37,41,0.733
44,41,0.401
45,41,0.430
46,41,0.489
34,41,0.724
443,41,0.783
31,41,0.940
26,41,0.690
25,41,0.830
19,41,0.977
49,42,0.816
444,42,0.937
66,42,0.874
65,42,0.970
64,42,0.776
63,42,0.802
59,42,0.897
58,42,0.771
80,42,0.961
77,42,0.793
39,42,0.490
40,42,0.602
48,42,0.557
78,42,0.843
43,42,0.336
47,42,0.473
29,42,0.360
30,42,0.570
27,42,0.742
28,42,0.586
32,42,0.822
33,42,0.561
38,42,0.471
79,42,0.929
41,42,0.185
42,42,0.124
37,42,0.828
44,42,0.428
45,42,0.377
46,42,0.387
34,42,0.900
443,42,0.934
26,42,0.874
60,43,0.929
49,43,0.992
332,43,0.981
67,43,0.742
66,43,0.539
65,43,0.639
64,43,0.498
63,43,0.484
62,43,0.934
86,43,0.929
85,43,0.813
59,43,0.661
58,43,0.589
80,43,0.795
77,43,0.594
39,43,0.204
40,43,0.379
48,43,0.447
78,43,0.801
43,43,0.124
47,43,0.483
81,43,0.961
29,43,0.689
30,43,0.906
28,43,0.885
33,43,0.745
38,43,0.513
79,43,0.960
41,43,0.511
42,43,0.336
37,43,0.961
44,43,0.706
45,43,0.586
46,43,0.519
49,44,0.452
444,44,0.533
439,44,0.984
58,44,0.873
39,44,0.894
48,44,0.649
43,44,0.706
47,44,0.476
29,44,0.412
30,44,0.427
27,44,0.643
28,44,0.658
33,44,0.841
38,44,0.866
41,44,0.401
42,44,0.428
44,44,0.124
45,44,0.177
46,44,0.302
34,44,0.967
443,44,0.645
26,44,0.783
25,44,0.932
24,44,0.899
49,45,0.439
444,45,0.685
332,45,0.985
64,45,0.825
63,45,0.921
59,45,0.868
58,45,0.696
39,45,0.785
40,45,0.937
48,45,0.472
43,45,0.586
47,45,0.299
29,45,0.505
30,45,0.580
27,45,0.796
28,45,0.767
33,45,0.883
38,45,0.846
41,45,0.430
42,45,0.377
44,45,0.177
45,45,0.124
46,45,0.126
443,45,0.822
26,45,0.938
49,46,0.473
444,46,0.799
332,46,0.867
54,46,0.949
66,46,0.986
64,46,0.705
63,46,0.809
59,46,0.742
58,46,0.571
39,46,0.723
40,46,0.889
48,46,0.347
43,46,0.519
47,46,0.174
29,46,0.595
30,46,0.696
27,46,0.910
28,46,0.858
33,46,0.933
38,46,0.854
41,46,0.489
42,46,0.387
44,46,0.302
45,46,0.126
46,46,0.124
443,46,0.948
60,47,0.826
49,47,0.553
444,47,0.957
4728,47,0.936
332,47,0.704
54,47,0.807
50,47,0.928
52,47,0.992
66,47,0.876
65,47,0.868
64,47,0.551
63,47,0.671
62,47,0.981
59,47,0.571
58,47,0.397
39,47,0.682
40,47,0.862
48,47,0.179
43,47,0.483
47,47,0.124
29,47,0.743
30,47,0.864
38,47,0.907
41,47,0.613
42,47,0.473
44,47,0.476
45,47,0.299
46,47,0.174
61,48,0.897
60,48,0.659
49,48,0.709
4728,48,0.805
332,48,0.584
55,48,0.973
54,48,0.731
50,48,0.906
52,48,0.934
67,48,0.991
66,48,0.737
65,48,0.705
64,48,0.376
63,48,0.509
62,48,0.802
70,48,0.988
59,48,0.396
58,48,0.230
39,48,0.621
40,48,0.808
48,48,0.124
43,48,0.447
47,48,0.179
29,48,0.873
38,48,0.933
41,48,0.724
42,48,0.557
44,48,0.649
45,48,0.472
46,48,0.347
49,49,0.124
444,49,0.569
332,49,0.992
54,49,0.957
50,49,0.890
439,49,0.781
58,49,0.865
48,49,0.709
43,49,0.992
47,49,0.553
29,49,0.862
30,49,0.826
41,49,0.842
42,49,0.816
44,49,0.452
45,49,0.439
46,49,0.473
443,49,0.875
61,50,0.969
56,50,0.648
60,50,0.868
49,50,0.890
4728,50,0.614
332,50,0.536
55,50,0.491
54,50,0.307
53,50,0.405
50,50,0.124
52,50,0.198
59,50,0.889
58,50,0.820
48,50,0.906
47,50,0.928
51,51,0.124
61,52,0.815
56,52,0.454
60,52,0.752
4728,52,0.458
332,52,0.450
55,52,0.298
54,52,0.219
53,52,0.234
50,52,0.198
52,52,0.124
59,52,0.831
58,52,0.801
48,52,0.934
47,52,0.992
61,53,0.823
1034,53,0.868
56,53,0.270
60,53,0.828
4728,53,0.497
332,53,0.591
55,53,0.259
54,53,0.404
53,53,0.124
50,53,0.405
52,53,0.234
59,53,0.969
58,53,0.975
61,54,0.669
1034,54,0.993
56,54,0.532
60,54,0.562
49,54,0.957
4728,54,0.324
332,54,0.237
55,54,0.302
54,54,0.124
53,54,0.404
50,54,0.307
52,54,0.219
64,54,0.800
63,54,0.959
62,54,0.857
59,54,0.613
58,54,0.584
48,54,0.731
47,54,0.807
46,54,0.949
61,55,0.566
1034,55,0.718
56,55,0.241
60,55,0.576
4728,55,0.244
332,55,0.393
55,55,0.124
54,55,0.302
53,55,0.259
50,55,0.491
52,55,0.298
64,55,0.942
62,55,0.841
59,55,0.746
58,55,0.784
48,55,0.973
61,56,0.676
1034,56,0.600
56,56,0.124
60,56,0.756
4728,56,0.441
332,56,0.629
55,56,0.241
54,56,0.532
53,56,0.270
50,56,0.648
52,56,0.454
62,56,0.984
59,56,0.963
57,57,0.124
61,58,0.667
60,58,0.429
49,58,0.865
4728,58,0.593
332,58,0.392
55,58,0.784
54,58,0.584
53,58,0.975
50,58,0.820
52,58,0.801
67,58,0.948
66,58,0.695
65,58,0.600
64,58,0.262
63,58,0.428
62,58,0.601
70,58,0.819
68,58,0.983
59,58,0.181
58,58,0.124
39,58,0.718
40,58,0.900
48,58,0.230
43,58,0.589
47,58,0.397
41,58,0.945
42,58,0.771
44,58,0.873
45,58,0.696
46,58,0.571
61,59,0.512
56,59,0.963
60,59,0.277
4728,59,0.522
332,59,0.383
55,59,0.746
54,59,0.613
53,59,0.969
50,59,0.889
52,59,0.831
67,59,0.855
66,59,0.615
65,59,0.478
64,59,0.196
63,59,0.346
62,59,0.420
69,59,0.970
70,59,0.648
68,59,0.823
59,59,0.124
58,59,0.181
39,59,0.745
40,59,0.913
48,59,0.396
43,59,0.661
47,59,0.571
42,59,0.897
45,59,0.868
46,59,0.742
61,60,0.238
1034,60,0.830
56,60,0.756
60,60,0.124
4728,60,0.332
332,60,0.339
55,60,0.576
54,60,0.562
53,60,0.828
50,60,0.868
52,60,0.752
1035,60,0.861
67,60,0.967
66,60,0.765
65,60,0.579
64,60,0.436
63,60,0.533
62,60,0.296
69,60,0.921
70,60,0.575
68,60,0.786
59,60,0.277
58,60,0.429
39,60,0.989
48,60,0.659
43,60,0.929
47,60,0.826
61,61,0.124
1034,61,0.607
56,61,0.676
60,61,0.238
4728,61,0.357
332,61,0.495
55,61,0.566
54,61,0.669
53,61,0.823
50,61,0.969
52,61,0.815
1035,61,0.711
66,61,0.905
65,61,0.702
64,61,0.650
63,61,0.714
62,61,0.318
69,61,0.889
70,61,0.560
68,61,0.775
59,61,0.512
58,61,0.667
48,61,0.897
61,62,0.318
1034,62,0.880
56,62,0.984
60,62,0.296
4728,62,0.603
332,62,0.632
55,62,0.841
54,62,0.857
1035,62,0.616
67,62,0.748
66,62,0.602
65,62,0.396
64,62,0.461
63,62,0.458
62,62,0.124
69,62,0.626
70,62,0.280
72,62,0.827
74,62,0.828
75,62,0.953
76,62,0.886
68,62,0.493
59,62,0.420
58,62,0.601
39,62,0.932
48,62,0.802
43,62,0.934
47,62,0.981
61,63,0.714
60,63,0.533
4728,63,0.843
332,63,0.729
54,63,0.959
1035,63,0.989
67,63,0.520
66,63,0.271
65,63,0.197
64,63,0.168
63,63,0.124
62,63,0.458
69,63,0.768
70,63,0.530
86,63,0.964
85,63,0.896
72,63,0.936
74,63,0.794
75,63,0.870
76,63,0.799
68,63,0.627
59,63,0.346
58,63,0.428
80,63,0.965
77,63,0.766
39,63,0.477
40,63,0.613
48,63,0.509
43,63,0.484
47,63,0.671
38,63,0.939
41,63,0.985
42,63,0.802
45,63,0.921
46,63,0.809
61,64,0.650
60,64,0.436
4728,64,0.715
332,64,0.576
55,64,0.942
54,64,0.800
67,64,0.688
66,64,0.438
65,64,0.343
64,64,0.124
63,64,0.168
62,64,0.461
69,64,0.895
70,64,0.613
74,64,0.952
76,64,0.963
68,64,0.749
59,64,0.196
58,64,0.262
77,64,0.894
39,64,0.556
40,64,0.719
48,64,0.376
43,64,0.498
47,64,0.551
41,64,0.961
42,64,0.776
45,64,0.825
46,64,0.705
61,65,0.702
60,65,0.579
4728,65,0.909
332,65,0.842
1035,65,0.829
67,65,0.390
66,65,0.205
65,65,0.124
64,65,0.343
63,65,0.197
62,65,0.396
69,65,0.572
70,65,0.367
86,65,0.895
85,65,0.852
72,65,0.739
74,65,0.610
75,65,0.699
73,65,0.880
76,65,0.627
68,65,0.433
59,65,0.478
58,65,0.600
80,65,0.951
77,65,0.772
39,65,0.577
40,65,0.667
48,65,0.705
43,65,0.639
47,65,0.868
42,65,0.970
61,66,0.905
60,66,0.765
1035,66,0.986
67,66,0.256
66,66,0.124
65,66,0.205
64,66,0.438
63,66,0.271
62,66,0.602
69,66,0.647
70,66,0.536
88,66,0.896
86,66,0.706
85,66,0.653
84,66,0.888
72,66,0.774
74,66,0.577
75,66,0.629
73,66,0.750
76,66,0.561
68,66,0.531
59,66,0.615
58,66,0.695
80,66,0.746
77,66,0.568
39,66,0.423
83,66,0.978
40,66,0.477
48,66,0.737
78,66,0.956
43,66,0.539
47,66,0.876
38,66,0.865
42,66,0.874
46,66,0.986
60,67,0.967
71,67,0.930
1035,67,0.970
67,67,0.124
66,67,0.256
65,67,0.390
64,67,0.688
63,67,0.520
62,67,0.748
69,67,0.543
70,67,0.584
88,67,0.689
87,67,0.930
86,67,0.533
85,67,0.523
84,67,0.736
72,67,0.610
74,67,0.365
75,67,0.385
73,67,0.498
76,67,0.323
140,67,0.935
141,67,0.880
142,67,0.830
68,67,0.479
59,67,0.855
58,67,0.948
80,67,0.658
77,67,0.537
39,67,0.578
83,67,0.848
82,67,0.961
40,67,0.547
48,67,0.991
78,67,0.936
43,67,0.742
81,67,0.920
38,67,0.948
61,68,0.775
60,68,0.786
71,68,0.607
169,68,0.969
1035,68,0.491
67,68,0.479
66,68,0.531
65,68,0.433
64,68,0.749
63,68,0.627
62,68,0.493
69,68,0.147
70,68,0.217
86,68,0.977
85,68,0.992
72,68,0.341
74,68,0.364
75,68,0.501
73,68,0.780
76,68,0.445
142,68,0.898
68,68,0.124
59,68,0.823
58,68,0.983
39,68,0.954
40,68,0.985
61,69,0.889
60,69,0.921
168,69,0.947
71,69,0.463
169,69,0.839
1035,69,0.472
143,69,0.950
67,69,0.543
66,69,0.647
65,69,0.572
64,69,0.895
63,69,0.768
62,69,0.626
69,69,0.124
70,69,0.346
86,69,0.994
72,69,0.201
74,69,0.316
75,69,0.451
73,69,0.744
76,69,0.412
141,69,0.956
142,69,0.795
68,69,0.147
59,69,0.970
61,70,0.560
60,70,0.575
4728,70,0.879
332,70,0.909
71,70,0.774
1035,70,0.463
67,70,0.584
66,70,0.536
65,70,0.367
64,70,0.613
63,70,0.530
62,70,0.280
69,70,0.346
70,70,0.124
72,70,0.547
74,70,0.571
75,70,0.703
73,70,0.968
76,70,0.641
68,70,0.217
59,70,0.648
58,70,0.819
39,70,0.941
48,70,0.988
463,71,0.776
168,71,0.619
71,71,0.124
169,71,0.591
145,71,0.945
146,71,0.831
1035,71,0.595
143,71,0.794
67,71,0.930
69,71,0.463
70,71,0.774
72,71,0.321
74,71,0.582
75,71,0.651
73,71,0.897
76,71,0.665
141,71,0.908
142,71,0.701
68,71,0.607
168,72,0.745
71,72,0.321
169,72,0.640
145,72,0.961
146,72,0.881
1035,72,0.585
143,72,0.766
67,72,0.610
66,72,0.774
65,72,0.739
63,72,0.936
62,72,0.827
69,72,0.201
70,72,0.547
86,72,0.970
72,72,0.124
74,72,0.275
75,72,0.375
73,72,0.658
76,72,0.369
140,72,0.930
141,72,0.798
142,72,0.619
68,72,0.341
168,73,0.855
71,73,0.897
169,73,0.679
145,73,0.763
146,73,0.783
143,73,0.569
67,73,0.498
66,73,0.750
65,73,0.880
69,73,0.744
70,73,0.968
91,73,0.826
88,73,0.352
87,73,0.554
86,73,0.386
85,73,0.496
84,73,0.547
72,73,0.658
74,73,0.428
75,73,0.293
73,73,0.124
76,73,0.336
137,73,0.652
138,73,0.738
139,73,0.626
140,73,0.437
141,73,0.401
142,73,0.427
68,73,0.780
144,73,0.730
151,73,0.881
152,73,0.755
80,73,0.652
77,73,0.690
39,73,0.956
83,73,0.683
82,73,0.720
40,73,0.837
95,73,0.863
78,73,0.984
94,73,0.993
81,73,0.852
168,74,0.840
71,74,0.582
169,74,0.692
145,74,0.943
146,74,0.899
1035,74,0.786
143,74,0.730
67,74,0.365
66,74,0.577
65,74,0.610
64,74,0.952
63,74,0.794
62,74,0.828
69,74,0.316
70,74,0.571
88,74,0.758
87,74,0.978
86,74,0.700
85,74,0.754
84,74,0.902
72,74,0.275
74,74,0.124
75,74,0.138
73,74,0.428
76,74,0.124
140,74,0.787
141,74,0.683
142,74,0.560
68,74,0.364
144,74,0.973
80,74,0.914
77,74,0.851
39,74,0.943
40,74,0.903
168,75,0.797
71,75,0.651
169,75,0.634
145,75,0.846
146,75,0.818
1035,75,0.919
143,75,0.632
67,75,0.385
66,75,0.629
65,75,0.699
63,75,0.870
62,75,0.953
69,75,0.451
70,75,0.703
88,75,0.633
87,75,0.846
86,75,0.600
85,75,0.671
84,75,0.794
72,75,0.375
74,75,0.138
75,75,0.124
73,75,0.293
76,75,0.124
137,75,0.884
139,75,0.912
140,75,0.654
141,75,0.558
142,75,0.460
68,75,0.501
144,75,0.862
152,75,0.950
80,75,0.834
77,75,0.800
39,75,0.950
83,75,0.930
82,75,0.991
40,75,0.884
168,76,0.858
71,76,0.665
169,76,0.699
145,76,0.918
146,76,0.887
1035,76,0.884
143,76,0.703
67,76,0.323
66,76,0.561
65,76,0.627
64,76,0.963
63,76,0.799
62,76,0.886
69,76,0.412
70,76,0.641
88,76,0.660
87,76,0.882
86,76,0.602
85,76,0.660
84,76,0.803
72,76,0.369
74,76,0.124
75,76,0.124
73,76,0.336
76,76,0.124
137,76,0.948
139,76,0.961
140,76,0.719
141,76,0.627
142,76,0.532
68,76,0.445
144,76,0.934
80,76,0.821
77,76,0.771
39,76,0.896
83,76,0.936
40,76,0.839
67,77,0.537
66,77,0.568
65,77,0.772
64,77,0.894
63,77,0.766
91,77,0.943
88,77,0.576
87,77,0.752
86,77,0.363
85,77,0.234
84,77,0.432
74,77,0.851
75,77,0.800
73,77,0.690
76,77,0.771
139,77,0.966
80,77,0.209
77,77,0.124
39,77,0.399
83,77,0.466
82,77,0.618
40,77,0.214
95,77,0.705
78,77,0.401
43,77,0.594
94,77,0.853
81,77,0.438
93,77,0.863
33,77,0.769
97,77,0.818
38,77,0.480
79,77,0.630
41,77,0.883
42,77,0.793
37,77,0.811
96,77,0.788
67,78,0.936
66,78,0.956
91,78,0.878
88,78,0.736
87,78,0.801
86,78,0.599
85,78,0.494
84,78,0.504
73,78,0.984
80,78,0.333
77,78,0.401
39,78,0.666
83,78,0.420
82,78,0.545
40,78,0.505
95,78,0.544
92,78,0.884
78,78,0.124
43,78,0.801
94,78,0.652
81,78,0.229
93,78,0.569
29,78,0.929
28,78,0.893
32,78,0.725
33,78,0.534
97,78,0.417
38,78,0.377
98,78,0.979
453,78,0.764
79,78,0.230
99,78,0.821
100,78,0.662
36,78,0.728
41,78,0.848
42,78,0.843
37,78,0.458
101,78,0.600
96,78,0.430
34,78,0.983
91,79,0.945
88,79,0.914
87,79,0.931
86,79,0.806
85,79,0.713
84,79,0.677
80,79,0.550
77,79,0.630
39,79,0.855
83,79,0.563
82,79,0.648
40,79,0.712
95,79,0.595
92,79,0.861
78,79,0.230
43,79,0.960
94,79,0.655
81,79,0.359
93,79,0.501
29,79,0.925
28,79,0.825
32,79,0.576
33,79,0.480
97,79,0.190
38,79,0.467
98,79,0.758
453,79,0.611
79,79,0.124
99,79,0.591
100,79,0.457
36,79,0.521
41,79,0.887
42,79,0.929
37,79,0.291
101,79,0.372
96,79,0.308
34,79,0.841
31,79,0.871
35,79,0.797
67,80,0.658
66,80,0.746
65,80,0.951
63,80,0.965
91,80,0.740
88,80,0.437
87,80,0.571
86,80,0.269
85,80,0.163
84,80,0.243
74,80,0.914
75,80,0.834
73,80,0.652
76,80,0.821
138,80,0.964
139,80,0.793
140,80,0.927
141,80,0.978
80,80,0.124
90,80,0.934
77,80,0.209
39,80,0.605
83,80,0.257
82,80,0.410
40,80,0.418
95,80,0.497
92,80,0.878
78,80,0.333
43,80,0.795
94,80,0.647
81,80,0.263
93,80,0.676
33,80,0.820
97,80,0.724
38,80,0.573
453,80,0.947
79,80,0.550
100,80,0.922
42,80,0.961
37,80,0.789
101,80,0.903
96,80,0.632
67,81,0.920
91,81,0.650
88,81,0.556
87,81,0.582
86,81,0.473
85,81,0.410
84,81,0.319
73,81,0.852
138,81,0.967
139,81,0.801
80,81,0.263
90,81,0.786
77,81,0.438
39,81,0.796
83,81,0.206
82,81,0.317
40,81,0.613
95,81,0.324
92,81,0.686
78,81,0.229
43,81,0.961
94,81,0.449
81,81,0.124
93,81,0.426
32,81,0.922
33,81,0.759
97,81,0.502
38,81,0.597
453,81,0.686
79,81,0.359
99,81,0.905
100,81,0.667
36,81,0.879
37,81,0.641
101,81,0.671
96,81,0.371
67,82,0.961
91,82,0.342
88,82,0.371
87,82,0.289
86,82,0.430
85,82,0.459
84,82,0.226
75,82,0.991
73,82,0.720
133,82,0.795
136,82,0.920
137,82,0.807
138,82,0.654
139,82,0.494
140,82,0.781
141,82,0.888
152,82,0.981
80,82,0.410
134,82,0.765
90,82,0.524
77,82,0.618
83,82,0.154
82,82,0.124
40,82,0.828
95,82,0.143
89,82,0.833
92,82,0.489
78,82,0.545
94,82,0.285
81,82,0.317
93,82,0.425
97,82,0.746
38,82,0.903
453,82,0.725
452,82,0.919
79,82,0.648
100,82,0.815
37,82,0.939
101,82,0.885
96,82,0.516
67,83,0.848
66,83,0.978
91,83,0.493
88,83,0.361
87,83,0.381
86,83,0.336
85,83,0.329
84,83,0.137
75,83,0.930
73,83,0.683
76,83,0.936
133,83,0.948
137,83,0.894
138,83,0.771
139,83,0.603
140,83,0.832
141,83,0.918
80,83,0.257
134,83,0.919
90,83,0.677
77,83,0.466
39,83,0.862
83,83,0.124
82,83,0.154
40,83,0.675
95,83,0.248
89,83,0.979
92,83,0.626
78,83,0.420
94,83,0.402
81,83,0.206
93,83,0.481
33,83,0.954
97,83,0.694
38,83,0.761
453,83,0.776
79,83,0.563
100,83,0.816
37,83,0.847
101,83,0.852
96,83,0.509
67,84,0.736
66,84,0.888
91,84,0.515
88,84,0.237
87,84,0.329
86,84,0.208
85,84,0.239
84,84,0.124
74,84,0.902
75,84,0.794
73,84,0.547
76,84,0.803
133,84,0.964
137,84,0.814
138,84,0.723
139,84,0.551
140,84,0.724
141,84,0.799
142,84,0.925
152,84,0.981
80,84,0.243
134,84,0.967
90,84,0.732
77,84,0.432
39,84,0.829
83,84,0.137
82,84,0.226
40,84,0.646
95,84,0.357
92,84,0.714
78,84,0.504
94,84,0.507
81,84,0.319
93,84,0.612
97,84,0.819
38,84,0.806
453,84,0.910
79,84,0.677
100,84,0.952
37,84,0.951
101,84,0.983
96,84,0.646
67,85,0.523
66,85,0.653
65,85,0.852
63,85,0.896
91,85,0.750
88,85,0.342
87,85,0.532
86,85,0.131
85,85,0.124
84,85,0.239
74,85,0.754
75,85,0.671
73,85,0.496
76,85,0.660
137,85,0.949
138,85,0.906
139,85,0.738
140,85,0.809
141,85,0.843
142,85,0.918
68,85,0.992
80,85,0.163
90,85,0.971
77,85,0.234
39,85,0.611
83,85,0.329
82,85,0.459
40,85,0.438
95,85,0.576
92,85,0.947
78,85,0.494
43,85,0.813
94,85,0.730
81,85,0.410
93,85,0.797
33,85,0.959
97,85,0.886
38,85,0.690
79,85,0.713
37,85,0.948
96,85,0.780
143,86,0.920
67,86,0.533
66,86,0.706
65,86,0.895
63,86,0.964
69,86,0.994
91,86,0.676
88,86,0.220
87,86,0.434
86,86,0.124
85,86,0.131
84,86,0.208
72,86,0.970
74,86,0.700
75,86,0.600
73,86,0.386
76,86,0.602
137,86,0.821
138,86,0.791
139,86,0.626
140,86,0.678
141,86,0.715
142,86,0.801
68,86,0.977
152,86,0.974
80,86,0.269
90,86,0.913
77,86,0.363
39,86,0.725
83,86,0.336
82,86,0.430
40,86,0.560
95,86,0.564
92,86,0.914
78,86,0.599
43,86,0.929
94,86,0.714
81,86,0.473
93,86,0.816
97,86,0.970
38,86,0.820
79,86,0.806
96,86,0.831
145,87,0.936
150,87,0.962
143,87,0.842
67,87,0.930
130,87,0.908
91,87,0.274
88,87,0.241
87,87,0.124
86,87,0.434
85,87,0.532
84,87,0.329
74,87,0.978
75,87,0.846
73,87,0.554
76,87,0.882
133,87,0.673
136,87,0.695
137,87,0.520
138,87,0.395
139,87,0.224
140,87,0.501
141,87,0.621
142,87,0.799
144,87,0.825
151,87,0.831
152,87,0.694
155,87,0.819
80,87,0.571
134,87,0.728
90,87,0.528
77,87,0.752
83,87,0.381
82,87,0.289
40,87,0.965
95,87,0.399
89,87,0.857
92,87,0.596
78,87,0.801
94,87,0.485
81,87,0.582
93,87,0.679
453,87,0.969
79,87,0.931
96,87,0.800
169,88,0.957
145,88,0.924
146,88,0.989
143,88,0.782
67,88,0.689
66,88,0.896
91,88,0.509
88,88,0.124
87,88,0.241
86,88,0.220
85,88,0.342
84,88,0.237
74,88,0.758
75,88,0.633
73,88,0.352
76,88,0.660
133,88,0.909
136,88,0.887
137,88,0.609
138,88,0.571
139,88,0.409
140,88,0.493
141,88,0.562
142,88,0.693
144,88,0.841
151,88,0.910
152,88,0.769
155,88,0.961
80,88,0.437
134,88,0.967
90,88,0.760
77,88,0.576
39,88,0.945
83,88,0.361
82,88,0.371
40,88,0.779
95,88,0.513
92,88,0.802
78,88,0.736
94,88,0.641
81,88,0.556
93,88,0.795
79,88,0.914
96,88,0.863
130,89,0.647
91,89,0.583
87,89,0.857
133,89,0.422
136,89,0.777
138,89,0.813
139,89,0.820
153,89,0.924
132,89,0.483
131,89,0.647
129,89,0.827
134,89,0.198
135,89,0.335
90,89,0.330
83,89,0.979
82,89,0.833
95,89,0.742
89,89,0.124
92,89,0.368
446,89,0.465
94,89,0.604
93,89,0.710
450,89,0.975
453,89,0.746
452,89,0.495
451,89,0.859
449,89,0.798
448,89,0.358
96,89,0.911
130,90,0.652
91,90,0.254
88,90,0.760
87,90,0.528
86,90,0.913
85,90,0.971
84,90,0.732
133,90,0.350
136,90,0.637
137,90,0.792
138,90,0.554
139,90,0.517
140,90,0.910
152,90,0.937
153,90,0.877
155,90,0.882
132,90,0.610
131,90,0.878
80,90,0.934
134,90,0.244
135,90,0.600
90,90,0.124
83,90,0.677
82,90,0.524
95,90,0.462
89,90,0.330
92,90,0.196
446,90,0.795
94,90,0.359
81,90,0.786
93,90,0.542
453,90,0.709
452,90,0.640
451,90,0.985
100,90,0.932
448,90,0.645
96,90,0.745
130,91,0.734
91,91,0.124
88,91,0.509
87,91,0.274
86,91,0.676
85,91,0.750
84,91,0.515
73,91,0.826
133,91,0.455
136,91,0.604
137,91,0.616
138,91,0.400
139,91,0.301
140,91,0.689
141,91,0.830
154,91,0.969
144,91,0.959
151,91,0.899
152,91,0.780
153,91,0.894
155,91,0.803
132,91,0.772
80,91,0.740
134,91,0.462
135,91,0.824
90,91,0.254
77,91,0.943
83,91,0.493
82,91,0.342
95,91,0.351
89,91,0.583
92,91,0.352
78,91,0.878
94,91,0.339
81,91,0.650
93,91,0.559
453,91,0.808
452,91,0.844
79,91,0.945
100,91,0.983
448,91,0.893
96,91,0.733
130,92,0.837
91,92,0.352
88,92,0.802
87,92,0.596
86,92,0.914
85,92,0.947
84,92,0.714
133,92,0.539
136,92,0.832
137,92,0.953
138,92,0.721
139,92,0.651
132,92,0.764
80,92,0.878
134,92,0.383
135,92,0.693
90,92,0.196
83,92,0.626
82,92,0.489
95,92,0.381
89,92,0.368
92,92,0.124
446,92,0.808
78,92,0.884
94,92,0.237
81,92,0.686
93,92,0.368
97,92,0.849
98,92,0.977
453,92,0.513
452,92,0.492
451,92,0.813
79,92,0.861
100,92,0.738
448,92,0.584
101,92,0.900
96,92,0.574
91,93,0.559
88,93,0.795
87,93,0.679
86,93,0.816
85,93,0.797
84,93,0.612
133,93,0.891
138,93,0.957
139,93,0.833
80,93,0.676
134,93,0.751
90,93,0.542
77,93,0.863
83,93,0.481
82,93,0.425
95,93,0.286
89,93,0.710
92,93,0.368
78,93,0.569
94,93,0.220
81,93,0.426
93,93,0.124
33,93,0.980
97,93,0.483
38,93,0.931
98,93,0.729
453,93,0.301
452,93,0.569
451,93,0.742
79,93,0.501
99,93,0.754
100,93,0.425
36,93,0.867
37,93,0.753
448,93,0.807
101,93,0.553
96,93,0.206
91,94,0.339
88,94,0.641
87,94,0.485
86,94,0.714
85,94,0.730
84,94,0.507
73,94,0.993
133,94,0.699
136,94,0.928
137,94,0.943
138,94,0.738
139,94,0.618
140,94,0.978
132,94,0.968
80,94,0.647
134,94,0.593
135,94,0.924
90,94,0.359
77,94,0.853
83,94,0.402
82,94,0.285
95,94,0.153
89,94,0.604
92,94,0.237
78,94,0.652
94,94,0.124
81,94,0.449
93,94,0.220
97,94,0.679
98,94,0.939
453,94,0.487
452,94,0.634
451,94,0.888
79,94,0.655
99,94,0.974
100,94,0.644
37,94,0.932
448,94,0.796
101,94,0.769
96,94,0.403
91,95,0.351
88,95,0.513
87,95,0.399
86,95,0.564
85,95,0.576
84,95,0.357
73,95,0.863
133,95,0.775
136,95,0.954
137,95,0.899
138,95,0.720
139,95,0.576
140,95,0.900
80,95,0.497
134,95,0.705
90,95,0.462
77,95,0.705
83,95,0.248
82,95,0.143
40,95,0.905
95,95,0.124
89,95,0.742
92,95,0.381
78,95,0.544
94,95,0.153
81,95,0.324
93,95,0.286
97,95,0.661
38,95,0.919
453,95,0.585
452,95,0.781
79,95,0.595
100,95,0.692
37,95,0.884
448,95,0.949
101,95,0.782
96,95,0.406
91,96,0.733
88,96,0.863
87,96,0.800
86,96,0.831
85,96,0.780
84,96,0.646
139,96,0.981
80,96,0.632
134,96,0.957
90,96,0.745
77,96,0.788
83,96,0.509
82,96,0.516
40,96,0.929
95,96,0.406
89,96,0.911
92,96,0.574
78,96,0.430
94,96,0.403
81,96,0.371
93,96,0.206
32,96,0.815
33,96,0.780
97,96,0.278
38,96,0.762
98,96,0.643
453,96,0.334
452,96,0.699
451,96,0.779
79,96,0.308
99,96,0.599
100,96,0.307
36,96,0.672
37,96,0.547
448,96,0.971
101,96,0.376
96,96,0.124
35,96,0.903
86,97,0.970
85,97,0.886
84,97,0.819
80,97,0.724
77,97,0.818
83,97,0.694
82,97,0.746
40,97,0.900
95,97,0.661
92,97,0.849
78,97,0.417
94,97,0.679
81,97,0.502
93,97,0.483
28,97,0.852
32,97,0.539
33,97,0.549
97,97,0.124
38,97,0.622
98,97,0.570
453,97,0.493
452,97,0.888
451,97,0.858
79,97,0.190
99,97,0.409
100,97,0.289
36,97,0.402
41,97,0.992
37,97,0.285
101,97,0.183
96,97,0.278
34,97,0.795
31,97,0.776
4,97,0.921
35,97,0.656
92,98,0.977
78,98,0.979
94,98,0.939
93,98,0.729
32,98,0.829
97,98,0.570
98,98,0.124
453,98,0.466
452,98,0.698
451,98,0.442
79,98,0.758
99,98,0.284
100,98,0.337
36,98,0.570
37,98,0.740
101,98,0.397
96,98,0.643
34,98,0.982
31,98,0.825
4,98,0.656
35,98,0.573
104,98,0.645
107,98,0.806
5,98,0.979
3,98,0.956
6,98,0.789
78,99,0.821
94,99,0.974
81,99,0.905
93,99,0.754
28,99,0.912
32,99,0.546
33,99,0.745
97,99,0.409
38,99,0.940
98,99,0.284
453,99,0.580
452,99,0.909
451,99,0.713
79,99,0.591
99,99,0.124
100,99,0.337
36,99,0.286
37,99,0.489
101,99,0.234
96,99,0.599
34,99,0.706
31,99,0.572
4,99,0.543
35,99,0.347
104,99,0.904
107,99,0.944
5,99,0.818
3,99,0.986
6,99,0.712
91,100,0.983
84,100,0.952
80,100,0.922
90,100,0.932
83,100,0.816
82,100,0.815
95,100,0.692
92,100,0.738
78,100,0.662
94,100,0.644
81,100,0.667
93,100,0.425
32,100,0.737
33,100,0.820
97,100,0.289
38,100,0.910
98,100,0.337
453,100,0.261
452,100,0.639
451,100,0.570
79,100,0.457
99,100,0.337
100,100,0.124
36,100,0.518
37,100,0.543
448,100,0.951
101,100,0.196
96,100,0.307
34,100,0.961
31,100,0.875
4,100,0.873
35,100,0.677
104,100,0.938
84,101,0.983
80,101,0.903
83,101,0.852
82,101,0.885
95,101,0.782
92,101,0.900
78,101,0.600
94,101,0.769
81,101,0.671
93,101,0.553
28,101,0.894
32,101,0.541
33,101,0.644
97,101,0.183
38,101,0.776
98,101,0.397
453,101,0.454
452,101,0.835
451,101,0.736
79,101,0.372
99,101,0.234
100,101,0.196
36,101,0.329
37,101,0.365
101,101,0.124
96,101,0.376
34,101,0.768
31,101,0.697
4,101,0.767
35,101,0.528
6,101,0.940
445,102,0.703
109,102,0.628
104,102,0.612
103,102,0.144
106,102,0.789
107,102,0.802
102,102,0.124
105,102,0.658
108,102,0.805
445,103,0.559
451,103,0.927
449,103,0.893
109,103,0.621
104,103,0.526
103,103,0.124
106,103,0.843
107,103,0.812
102,103,0.144
105,103,0.770
108,103,0.933
445,104,0.574
98,104,0.645
453,104,0.918
452,104,0.844
451,104,0.500
449,104,0.875
99,104,0.904
100,104,0.938
4,104,0.973
104,104,0.124
103,104,0.526
106,104,0.710
107,104,0.525
3,104,0.885
102,104,0.612
105,104,0.892
104,105,0.892
103,105,0.770
106,105,0.393
107,105,0.611
3,105,0.789
102,105,0.658
2,105,0.840
105,105,0.124
1,105,0.769
108,105,0.875
426,105,0.714
425,105,0.521
427,105,0.978
4,106,0.884
104,106,0.710
